%YAML:1.0
---
K: !!opencv-matrix
   rows: 3
   cols: 3
   dt: d
   data: [487.72698974609375, 0.0, 320.5912170410156, 0.0, 487.51348876953125, 236.45693969726562, 0.0, 0.0, 1.0]
D: !!opencv-matrix
   rows: 1
   cols: 5
   dt: d
   data: [0.0, 0.0, 0.0, 0.0, 0.0]
